1.20438
1.20438
0.470621
0.615487
0.839106
1.04956
0.642665
0.962163
0.522655
0.907735
0.610408
0.711075
0.696167
0.632818
0.488993
0.514875
0.463483
0.350904
0.376055
0.399467
0.394803
0.504366
0.861383
0.477433
0.265601
0.440541
0.500661
0.475726
0.395882
0.376503
0.439627
0.343498
0.62404
0.403757
0.552211
0.459537
0.351139
0.346696
0.486878
0.37557
0.334217
0.415042
0.366947
0.443245
0.675943
0.370117
0.375009
0.210336
0.387513
0.345863
0.357475
0.485531
0.837285
0.373619
0.574729
0.335001
0.246528
0.358606
0.364231
0.365237
0.359193
0.339572
0.543042
0.435992
0.408437
0.391851
0.393862
0.359767
